1.801192
-0.656523
-0.288573
-0.481500
-1.367267
0.438339
-0.224166
-0.455725
-1.178485
1.345378
-0.499983
-1.508056
0.294489
-0.209657
-0.986217
-0.538442
0.009401
-0.395422
0.254886
0.100710
-0.974865
-0.117079
-0.181745
0.025795
-1.390649
-1.443773
-0.209299
-1.912414
0.757902
-0.632401
-1.282003
-0.529519
-0.490367
1.203344
-2.578434
1.359411
1.169684
-0.566706
1.496772
0.813577
-0.412977
0.476087
-0.799959
0.663484
-0.522873
2.536300
-0.567998
-0.732085
-0.817807
0.540126
-0.396514
0.654849
-0.477237
0.221204
-1.119956
0.714366
0.475758
-0.215707
0.247427
0.553359
-0.362934
-0.264046
0.407457
-0.434413
-0.400075
-0.203077
-1.636176
-0.837945
0.398847
2.031671
0.561818
-0.004652
0.000886
-0.357451
-1.179472
-0.499317
0.952639
-1.406710
-0.860240
1.000103
0.346285
-1.479526
-0.273759
-1.073945
-0.302711
-0.014066
-2.546248
1.583170
-0.836066
-0.530320
-2.003583
-1.699415
0.343885
-0.168941
-0.109394
-1.113957
1.130877
0.923049
-1.826109
-0.416354
-0.490948
2.487902
-0.113178
-0.140995
0.225990
0.220406
-2.679162
-0.419599
-0.691092
-0.004540
0.553644
-0.036975
-0.910392
-0.055857
-0.458856
0.714221
-0.926985
-1.430720
1.379532
0.733826
-0.309589
-0.829555
0.651843
1.077264
-0.218623
-0.256672
-1.130547
-0.109514
0.705571
-0.548693
-0.577744
-0.685946
-0.522784
-0.338317
0.143311
-0.471671
-1.108912
0.336295
0.264294
-0.285010
-0.067926
-1.057297
0.024791
-0.663001
1.984097
-1.607867
-1.571458
0.344348
-1.142328
1.308398
